0.9126586337679978
1.0848230776624337
1.5827866769903904
0.6557900645123509
2.1543629197389764
0.9073607080018529
1.4565261828742062
1.1609468366329472
1.0038303938299573
1.3585976741876395
0.2005816311867933
1.1878586924504029
1.9470413666747166
1.3564171885850889
1.7375042656944104
0.5674693060025969
0.4601336691921303
0.5527376814074495
1.52087217470745
1.4251055760866937
0.8349206275997639
0.9899366726738037
1.318874732960509
NA
1.2297737016579815
0.7013711054916645
1.0312905841715414
1.2475935086282732
1.7633076922128768
1.0391949089329082
1.61766221561035
1.4507328657719507
0.5161187712270264
1.5427321474783993
0.6612252252516487
1.2749965679489548
0.9470773037540154
1.430809706290894
0.8452312442015848
1.0628147832261043
1.0664225882557332
1.297428744881922
1.2628749294016974
1.6687754040922944
0.8203741959974818
0.9935496123750867
1.3483343373873873
1.5055384924194253
1.7177514091246455
1.496062858748781
0.985058115413001
1.4065672358188392
0.8693709951453061
1.2910675066175743
1.0848956869987747
0.8704404362333747
1.6236417364627376
1.3042617240649574
0.8678091768393605
0.6255677303913434
1.3742127244625115
0.8341472969511275
1.2999477568509257
1.1991449110501178
1.2480362610464006
1.2968734354436746
1.4898425916652474
1.6459939950118028
1.5395803903874918
1.2745203330696453
1.6125867989099045
0.501031602851781
1.5571197479904038
1.6182027363825289
1.3046315122904193
NA
0.9364625213729044
1.369207061276829
NA
1.0394139197554553
0.6579412439179267
0.9392517889961572
1.249414641435572
1.309595899066895
1.3381467413123433
0.8509587897533113
0.5574216448593491
0.36762091819447446
0.9739435012785141
1.2839828706890428
1.6733741978404726
1.4786685831016302
1.4908419690635746
1.696470338599353
0.8135932691159702
0.8217651262363325
0.8677202356149583
1.898121187218895
1.4692184439271663
1.7478873523972043
1.7076523999164566
0.6253314656996445
1.2753901080628045
0.8523205255459291
1.542592123201204
0.7992054818603387
0.9130324050705487
1.579974424584917
1.6667712775282326
0.4545062904504865
1.1062420512176816
1.5713120327361603
1.2455045427050477
0.7380096260370094
1.2841535257504249
0.3845921377609423
0.9450423041090456
1.034293390188609
1.3602857285644794
1.3295629697506661
1.128491214752141
0.912895421863277
1.517855362143322
0.8664701007289521
1.4876123652899707
1.7597954547768313
1.6468281255596626
1.2578707526889137
1.232699570885862
1.5412415864369435
0.8678576659715261
0.7209752472648727
1.41286478244828
NA
1.6457158753509091
1.1603555261252523
0.7496863220358301
1.0639003063159767
1.5452372759417776
0.7202944208694996
1.298315528030299
0.9343678582648028
1.5677248557739438
0.7502556640545361
0.508954566254541
1.2877344551169148
1.088009558611762
2.0840559009105823
1.1727253748624942
1.3418949274216985
0.8274054230311377
1.3101348683198213
0.9862329263896316
1.39672263497463
1.4816058233889575
1.249545363601433
1.5684523655755205
0.975426281673853
1.5281819047188008
1.1739270637135812
0.7855535476536157
1.3989391192921918
1.130873987256994
1.563388457443875
1.1816838914364902
1.0614112922873495
1.364327137459816
1.4338675901600209
0.9561903965848283
1.103431917685128
2.0543933374247314
1.0012577164428758
0.7637219859272606
1.677570909217001
1.229357165708561
NA
1.3217634466346893
1.6983099479094066
1.8276267080771633
1.0440047777387333
0.8286526270496407
0.43586330688028474
0.6752749373623984
1.3868214144095545
1.0997886061470816
1.385849652017188
0.9455710139139595
1.6237504151290145
1.1702042673625928
1.4817669306898218
1.0114700893478428
1.5295289268224057
1.9673620513143126
1.1955368257401657
1.4276298036928747
1.8278146420155494
0.9629201271896842
1.2875286975153353
0.4991926623746122
1.767235321673366
1.1454889386507312
1.2966544101839814
1.1814581263189743
0.9874398309950867
1.605654011609387
1.3626040322447799
1.274715319668299
0.9864377252179707
1.2140384692886073
0.9154074583708061
1.0898419277929738
1.383469151772867
0.7136349577605032
1.6099093523503314
1.946975980189964
0.9830436556178307
1.412418992777603
1.0644099095769215
1.6419805220730561
1.2127023765590321
0.7397894742622592
0.6652110248361984
1.115732847201903
1.5775339389881968
1.1221827563150322
1.7336689024369334
1.4606294494915621
0.6308036239829221
1.5388888165332373
2.119333414893014
1.0136875266299172
0.7002828479194395
1.1003145685401772
0.7414718556421025
1.009069707282443
1.2525111701319105
1.006522755515955
1.4115879754726575
1.8214527443529458
1.2050598954697027
0.8507816692305001
1.0647501440654996
1.5685529222923695
0.29534847218936533
1.522369893041229
1.3562986619608626
0.9904382628694567
1.2832846824518067
0.7497778396215541
0.7574677083045833
0.9385478394146821
1.0600578582316447
0.8651920909742422
0.5425116936698273
1.724237660294718
0.6162258710981373
1.3822091646451315
1.4152440967257787
1.0354620833345565
1.5496977441953048
1.184652843711875
1.4613502003842478
0.9405040043183114
0.9249469870914528
0.9153490655490903
1.5856409247278722
1.089772903024675
0.978332394449549
0.6905487686919298
1.4161008155166699
1.187552140516438
1.4579523840259656
1.2115488531190493
0.954258681490891
1.7769917590680129
1.2120678270989282
0.7156050146456346
1.1066270794853266
1.0619062703369881
1.4772398928064745
0.4983236089036401
1.7187161701106102
1.2905600492761429
1.079604272976011
0.9014813600413191
1.4085192887867006
0.606358773580442
0.46477481590903075
0.5798575480344225
1.3614018999685888
0.9621748729302703
0.7671005632074621
1.1655536446786132
1.153918497198919
1.1875309109919985
0.9269196294417096
0.34768507538574916
0.938199062195563
0.9215113479173639
1.2981168604703146
1.4144241068151062
1.6465364324976413
1.2981642905463497
0.9808064561229123
NA
1.6982306201301856
1.0602392840788517
1.1989989673995303
0.9343716715658001
1.7101334857478496
1.097881219566023
0.7968845617065499
1.2735990753859372
1.7370671893078309
1.5100078822977274
1.4945859050516317
1.3413832993030597
1.2425319124748357
1.451327104852409
0.848629789380841
1.1042881704952257
0.6274445859574656
0.64520430549114
0.899005386104091
1.575433575549977
1.166111017561188
1.4151517879281903
1.4027759170269087
1.4219417364046711
0.733497339306455
1.2245853330264453
1.6437858359563966
1.298615337944864
1.6792398074651544
1.2845105606551879
1.3690132742714807
1.4081422290996009
1.0850364100506336
2.2613245603317575
1.7270810121056845
0.8993979222624373
0.7223799097572658
0.41281973310573233
0.8926130306720931
0.8052641366470291
0.6656832911188297
1.6199713807839236
1.400307331764953
1.0561781344094432
1.0258278910483247
1.4454991739549319
NA
0.5553960069909886
1.201768646047273
0.7264209286518294
1.6964099446589258
1.1274700498134926
1.5390177940430578
0.27414651509146687
1.3183532371683624
0.46360796544300237
0.9968733781176052
1.4793763353497444
0.8522097926106793
2.0122892651881363
1.1361807658663805
1.4735318560000796
1.2018019468026857
1.320704457815743
1.4137394750429289
0.8750223652918266
0.7129780598471699
1.2880460503019635
0.972567223924145
0.6285985792319214
0.4812068555190073
1.307956782472162
1.062712647105294
1.7413699282140318
1.2367362351445867
1.2760259375102967
0.9387578253259965
1.1077533963774904
0.7369526947425852
0.16473306547846392
1.5970937569971648
1.033894909386499
0.7762722350594612
1.7992947823433494
1.4405473022844955
0.7810042822915457
1.064910112397934
1.2958831718054071
1.1580872112559604
1.3322649724575988
1.006141230997402
0.6647799348394089
1.5832567227104393
0.5930967341920296
1.6732846342963752
2.089583743249853
0.5051580801689993
1.6344692428076482
0.8355652981036581
1.3656592337078033
1.3483621979971319
1.3946641447533976
1.6286146282864555
1.031518126349735
1.2543113194189368
1.4681193756801236
1.3731582752366547
1.3107351983766022
1.411603520219613
1.5122277583496486
0.8187811197368798
1.3613278175697172
1.3523152426499385
1.6815935297744047
1.3476887559331991
1.3152698925429493
1.3936583030189555
1.0616864307064222
1.713907754139348
0.9044003240682915
1.9946381381513876
1.3016701028503417
1.6476694868231143
1.136184723701359
1.54043683680733
0.890672076798308
0.8377621518241429
1.0408353533908392
1.1716503338163158
0.8013889692993399
1.5949506646386706
1.3714462211690968
1.1775395140811233
0.6516870053794169
0.8627408836448401
1.6512630576796616
1.0340681169029606
1.14330501507839
0.5524828246942044
0.6320244847821797
0.9038374261128037
1.0988152224877041
0.9504273568965875
1.5572690915222156
1.3796476536186262
1.3306545842521957
1.2798276450724744
1.0326115237381395
0.9556184467168034
1.373575129162622
0.5504639918656704
1.501591900784774
0.3780980775463123
2.2442947406864824
0.9169945231217246
1.8045396681551764
0.5464736662991565
1.008065601269293
1.3956143440698876
0.5623067517215828
1.6884980260251727
1.4242477672818816
0.9381266110270158
1.1759518452879099
1.090078663460903
0.9446928129836685
0.9846585210661398
1.053094928181921
0.9731464171858053
1.0555674197934521
0.33986769029820896
0.5246441036511892
1.4130777685597893
1.6489322443731782
0.7460609452977196
0.8803323021967902
1.5354078812043015
0.912394524363168
1.3085908222151852
1.012541243072353
0.97249065252556
1.005488338539402
0.6911450940813357
0.7280304009698015
1.4730752828817972
1.2097433477052884
0.9914778402671032
0.916325378421775
NA
1.6063555109478647
0.75587536657078
0.9916677308341825
1.498492829743661
0.8229439609349386
0.6289346343491256
1.0896952763720398
1.8169055271366525
1.8147800966004934
1.120329398669603
1.7747694629191086
1.5638996177054265
1.0843594244964172
0.7831796725208808
0.561713769249902
1.087458444635439
0.6524614018337614
0.8499020809151788
1.6564212382061738
1.6190364446871817
0.7591264619854893
1.558653814183479
0.6696946392424581
1.4804418760894924
1.7226941631599737
1.5801116571441718
1.2888685437759195
1.8493993084690252
0.6222711877167161
1.4207157293389379
1.3322278529129084
1.2045602143522163
1.3601324554523713
0.5403948715029845
1.0237348205275931
1.5064056806975177
0.647378061994745
1.1178275680590943
1.472812681546977
1.9709226094566275
1.610943707612364
1.6531878612407676
0.679892699855562
1.9892086537855116
0.7810387108544002
1.4344233847997274
1.14585133257603
0.8029793457517486
1.8017364683928323
1.0775967081111053
0.5157492757051891
0.9765393108717803
0.9609771753291391
1.3929836898262937
1.1906407455987689
0.9291347682388189
1.6396359768054463
1.3263640673685129
0.8939991608794264
2.263718027688587
0.43456303464222834
0.7318689712882162
0.4630356323237722
1.4221105368904277
1.3903784308487248
1.3462391589179523
0.9465665753719398
0.9788588591432217
1.2808521513164637
0.48550969198179195
0.9679320902663338
0.9342238395034479
1.4754203952704117
0.5472390705099551
1.9683395115340616
0.9377567976956827
1.5919870703113
1.2037365558698763
0.6135717052453599
1.842070283596168
0.9752009702137414
1.4341737435943067
1.2710455988434501
0.9561870424297577
1.406205295510267
1.5260265553823402
1.037655889405301
1.6346472309199658
1.8269599440723736
1.1961024588410798
0.9485566585454736
1.4823105267092174
1.4938851913423947
1.269389640523244
1.1276335676875993
1.4706018984759905
1.0568198430509408
1.207841169672409
0.6634309641623297
NA
1.8340683862247065
1.4324931151903948
1.6089656396553726
1.4902797021540313
0.9324047396883404
1.5703174187871096
1.3409658078687186
1.2628997145272982
1.0383573513627782
1.2897433723840457
0.8937005238758283
0.27657349573318846
1.812121585328591
0.49308290876665084
1.627728341711553
0.7919387902783811
0.6617138621971195
1.2168713588820366
1.1953961896344125
1.4817479791412425
1.7116286327750994
1.063482860281021
1.0254848719229561
1.7747059379653072
0.9662865192533564
0.8604999059405596
1.6833285682937054
1.0158564219600241
0.6233573631506641
1.502025326551833
1.3969117288329733
1.1026659132194219
1.0933143773319183
0.44868135269989273
1.0490393820336579
1.2353774232739276
1.348382538984441
1.2598861769992353
1.0052426754841586
1.723150948073427
0.8229644626090956
1.6293098659402934
1.9487263913671071
0.6210091069126649
1.0228299245674208
1.1275314699307772
1.0843620798449924
1.5166359673573393
1.3059220196747072
0.9823751719482036
1.013878391423358
0.8204204133265102
1.0107995427083298
2.062481259025776
0.8140090811840509
0.9800948645069965
1.3536561221142531
0.8951461407219468
0.9570091737269575
0.5917701540640797
1.4959028219989376
0.878327606081172
1.0212724860141857
1.1826610543724365
1.7508776767806877
0.8187154674564386
1.3786158196244889
1.0527277336595058
1.6802096311738275
1.1652861029475685
0.6820165933230249
0.8205006789658286
1.057139208842039
1.4361796312364603
1.5381927019640587
0.9241235511130881
0.6503918584808593
1.7072553490800773
1.27165869416665
1.053286493253334
1.1695331493290013
0.7328805315940617
1.704552223084766
0.8014165375743532
0.9418316179837054
1.3720978560452293
1.467710008870146
1.9237822757779564
1.4868650661955742
0.7785214385965294
1.6029796360622428
1.286378090349495
0.982580614079188
1.3007904013100304
0.9478957847932353
1.2050052686169936
0.8678053608048315
1.0167356914910024
0.9677104954941431
1.0731265861237074
0.9432820249226246
1.2159730056358526
0.8630014708433971
1.2214267652625794
2.0236002563234377
1.459751501822813
1.7737831116058504
1.0781957270267377
1.3742145936069508
1.4359510635696897
0.9597008729576489
1.314620553505449
1.519238685044974
0.3974115864256638
1.146478537862964
1.1251823952205118
1.6121400160185266
0.2057716113042015
1.1303085229287313
0.8603162681590624
1.4652608570690229
2.444864580863379
0.6217356579489898
1.1424221127196297
1.484069074772211
0.6708653504793608
1.0840057939029677
0.9635006650951389
1.8596448391209874
2.072168173092901
1.1167338194004492
1.276624462941257
0.6290700980246944
1.5326522601845627
1.8162863663196078
1.2601273005689058
1.1884108082882654
1.3856514932354276
0.8799447931813423
1.328511281621678
0.9159848852521328
0.8846084989340349
1.270874654619976
1.2860019738150983
2.035556190510606
1.6617946815993403
1.3238906029177928
1.2922469790241562
0.6151157786577723
0.5551946629237203
0.8706180924535821
1.9465751213190998
1.2339346034325802
1.1883848740788003
1.6301670442901428
0.8203263630147455
1.5601320051060548
0.8654570642871847
1.6600059420310562
0.8746708390566069
1.074956472121802
0.9712945066198668
1.944866580108265
1.280834146647926
0.7499066523682038
0.9533513276864161
0.5344788844884807
1.0952238047263876
1.409043630297862
1.1085416748216084
0.9312825522618486
1.436498626653624
1.0428334174210279
1.132753787642716
1.2855729560908886
1.244188448537352
1.276144427153294
0.9491626385304257
1.218086654546049
1.017472189590152
1.4565660979506743
1.1292580884987455
1.2897745438790282
0.7671027373463719
NA
2.145614952850616
0.6568715483355254
1.0654816555634532
1.1382472000571213
0.961736160995892
1.1882412218874163
1.4330596648659744
1.0590451613218435
1.3609429514204288
1.5681591725295996
1.4889736134668126
0.9631345213882133
1.6618180913973644
1.6736056417777019
0.9972266251124924
1.0506619169932743
1.3222069812674637
0.6788115746838634
1.2171697435412356
0.5965964894443758
1.2236927323078486
0.9610539589626167
0.9755884710929554
1.0330931429750045
1.413585801369943
1.1987053535473065
1.3700246614073583
1.1069632492735686
1.1392325088711737
0.7777653212389884
2.232525375172902
0.6724720348346215
NA
0.729135575791803
0.8523841132549416
1.24569512683555
1.2237080804324068
0.9218211838111189
0.4428246725829753
1.350845421844571
1.0115790213809877
1.62810364906289
0.5433951080216298
1.5938568205818258
0.6713624383660544
1.0692047310225508
0.8330267008605997
1.451356162310904
0.9175731957397095
1.5040876376684407
0.6393035559956173
0.9068212335400739
1.7833722758665076
0.8586078486172736
0.5579363236958513
1.4563500268715088
1.7576757286418956
1.2323031453802293
1.1487513410655474
1.2511056158565887
1.760050335820281
1.026320578649049
1.1223619634141302
1.504760382216309
1.674660257952218
0.8863659494682374
0.916300670225175
0.6853173277208804
1.214612560218441
1.1795163806261273
1.0563996758163574
1.1305009391956984
1.0852095683813978
1.6227481577732763
1.1664593731425386
0.75468162305391
1.437198497566461
1.1303338967606726
1.0423160763586192
1.1652432100862244
1.1225153070837839
1.7340075106037596
0.8283540684522285
0.9449994062431937
1.4373855456529812
1.722033893816301
0.9708563197442861
1.5239325595866038
0.8277949621659029
0.9007430558291604
0.7436798127289226
1.267240830494888
1.6981904312884724
1.3310573498128462
0.8416660671978478
0.7197407875879771
1.55239259944669
1.718064577807136
1.401207167064028
1.150260213842959
NA
0.6203727650683863
0.8034320224093644
1.6119057030117392
1.5220342155245328
1.1882828679965078
1.324967537807594
1.3628013354837092
0.8546911488349912
0.7684242336587236
1.0616085297303899
1.5505915524464255
1.357770559466169
0.92415522329312
1.1367376870737191
0.7975925420721348
1.6106557720804626
0.9270434065105904
1.7145151541272
1.1465449057242052
1.4173934051129014
1.0193947603338613
1.4967049804994246
0.8571634212467569
0.6876438038904032
0.9944013841864341
1.0679566953747173
1.4498637190640762
1.6038295348269325
1.6154021025334115
0.8198286999432862
1.4732505146076738
1.246540989730009
0.7402210836041235
1.0850035149951287
1.2668527978100763
1.5143330630140273
1.3026055239239465
0.7272087726093582
1.9728870854546876
1.3753622212994068
1.5401842756242166
0.9382402082850202
0.7411530013079355
1.520892877576437
1.5401631557523776
2.017712476644733
1.2714526595545652
0.7843535354740775
1.0713316171763578
0.8044095133141289
1.0092566689476727
1.7861404312295084
1.2038408037623323
0.33978395722186155
0.8398445431871316
1.393883403299774
0.8626337053564634
1.6054056019452068
1.5832538361423973
1.5918826413478968
1.085275161061617
0.8549384051083312
0.9791058236467423
0.9359443697964566
1.9510996985998075
0.6759492556196277
0.7559927685189118
1.0285546713419622
1.4009688917505358
1.2084598674428009
1.5645125763080716
1.5989281621079665
1.6049096541223393
0.7671927079282863
1.0838275381907048
1.1619984885865147
1.6967194797835343
1.349306425531431
0.6205676918813895
1.1627303266302527
1.3567430923761434
1.0080509926918138
1.0080148231858397
1.9046727722630765
1.367071924103075
0.8332614380928932
1.4634939345414135
1.1398449105903075
1.2781876161054593
0.7598037789048621
0.9723535486271335
1.0913676594071187
0.6897799089912152
1.2580729757029532
0.33081785675830994
NA
0.8791221691116579
0.5668124077346121
1.361514899474051
1.398952372703455
0.6482373583386688
1.5836636452385149
1.0596336204174353
1.4538678902394693
1.7028382771715098
1.5206954030483495
1.5312242010443944
0.9281525762390466
1.5593294725984166
0.9652241324449155
1.5953495156172868
1.640466615614012
1.0395636370039272
1.1111918573394288
1.6099299883742082
0.9181246690394556
0.5772244902462345
1.4424956054586808
1.1762410530421858
1.4520298496809259
1.3161146809575022
1.2073664546035618
0.8460531704150522
0.9147235653955446
NA
0.6306723722772064
1.5502910865854187
NA
1.2011598312261582
0.8813696834533108
1.6849815856307009
2.26419366632574
1.0754378464858532
1.0271118617394783
2.0396854096355908
0.7144734130234865
1.2201792600707655
0.6866651758141956
1.3901378807587892
1.9761390813434465
1.7189538909088646
1.5898270735141966
1.7942109486583167
1.6231629966691625
1.9028019911462914
1.5564416956747928
1.583745963488682
1.1927529398524788
1.2458936556008502
1.487503677058347
1.7726092739504493
1.327456644462994
1.4370407275474366
1.2340501685204741
1.7330093500442778
1.3818311207548997
0.8200710054912943
1.6846371623745682
0.6582896581543519
1.3908006550823242
1.2109152611817224
1.9931679162332856
0.757028921686659
0.902809441507938
1.0207229736899057
1.383739050874357
1.9855029689690282
1.7581933642939427
2.331721365317224
1.4056582445540806
1.8683049014991666
0.7163167082457033
1.1723250708992978
1.383660304220548
1.3544924139434265
1.4618506174575276
0.9550821908750121
1.105341986276047
1.6828581827791007
0.8958760860689606
1.2634682485616453
1.7694038342464653
1.3370283359077526
1.5831318383206152
1.1768529437762578
1.4886278303456513
1.7806875376322422
1.6028452730135077
2.0014450782145463
1.4384603640258227
0.8686409786589716
0.9892932112846856
1.1574594321957454
1.8967389319624643
1.7130575135258925
2.0850578118751755
1.959507750585307
1.520771134734923
1.3405512443301795
1.5198120170561833
1.2012212713771797
1.6293303928393845
0.9913444023197531
2.252268844845766
1.080666403950079
1.1986761561579036
1.2933400318617467
1.8158461351162098
1.9518343631528081
1.199869635675192
1.696610196194623
1.99092179932997
2.003192307970155
1.2070186254199422
1.79998489410378
1.1368374028338422
1.8299649942401557
1.314694419441282
0.9886377270016637
1.7191817497883393
1.80047347634511
1.811410874691665
1.480910323637317
1.2783717548469293
1.267868938669804
1.038379576635395
1.4833533812758928
1.388398480634571
1.2411693534916326
1.3990863327845102
1.3426146301941746
1.963734428470025
1.5809248665026405
1.0564246771734467
1.3845928729851533
1.7229651277297526
1.4407218086953852
1.1353680114310345
2.318347557140245
1.8829709602711047
1.8888480956833233
1.7217663806389865
2.1663198633700635
1.7445919673246395
1.6838439019622105
1.7720634403979223
1.758415814745012
1.7606579385782006
1.2487736585075873
0.9974035139466942
1.8265710269819015
1.6883910869709664
1.9537938511728539
1.1004599128718442
1.7794240686311606
2.048973799133838
2.0448450807689023
1.8252635645614927
1.8713598823503128
1.5026549748954399
1.3237024396888293
0.6283029288998032
2.0617293220405846
1.8057444994205332
1.9049231215006392
2.265637645000781
0.9365927254311024
1.2978626599584124
1.779425198644407
1.7880189214719406
1.9992795945456394
0.9901805635977545
1.9777795483124727
2.2052870975798835
0.8545177104991272
1.879128868091752
0.7655891380621723
1.8394866068784461
1.727831679559395
1.9698536583066206
1.8597784691267691
1.691199750209016
1.5882467235407338
1.658441560261896
1.5872724446993607
1.8141091576031465
1.4593798604749517
1.3941487698126744
1.675130119891076
1.525219298901786
1.9304737981547269
1.7617892933822974
0.5082120096502007
1.4399029221562174
1.4275503596589865
1.2439195891694075
1.4804604016049587
1.528806143128701
1.1195571795179784
1.7358404638395954
1.8752521422408184
0.8960644079618866
1.694144678355059
1.7556488105113495
2.211838245160867
0.9793797564495184
1.7643833870558743
1.6911967660884302
1.844780642489532
1.2477318501363552
1.9830521952433986
1.1743049205410918
2.155212669493972
1.7830660795330313
1.7157448809794
2.08438699572247
2.1458000661401386
1.8707687537641073
1.9475646280833263
1.6000550378193477
1.713898359056438
1.681146299398239
2.1663762513919096
1.7182077174159582
1.9856008405102836
1.5210112261659423
1.7451565480171771
1.3950877038616045
1.25905973615539
1.9032936424067428
1.1707846791616456
2.061048506960154
1.6839031042653099
1.9436501384099032
1.6711399060308578
1.5214090557138278
2.077445869198599
1.6921820173768998
1.635283252333507
1.7027773958359333
2.0743890467111803
1.6930395530449027
1.6833032090239104
2.0344619954560264
1.3839013165051663
0.8066973574133782
1.908187201993191
1.7027754887687736
1.3752598276368226
1.4196437509409001
1.532480479768333
1.9228155968438032
1.7118931340945782
1.8732649562882429
1.3035418072466072
1.1456599620434211
0.8613558463807626
2.0778900140825765
1.6113985763909355
1.3407493584145291
1.3249529761636873
1.714210334199454
1.7348403632003004
1.965268534292009
1.6858875328169818
0.931351786194798
1.7136952972212116
2.2321222243448484
2.0266974732867995
1.7504645305856172
1.7817461691519914
1.7285639022657369
1.5348630797718024
2.115767976506318
0.8773965586435469
1.6005410117738905
1.7120883036737615
1.46612415909295
1.6587768733282964
1.9958042178327235
1.0658416062367397
NA
1.566237337154358
1.1262055623945273
0.7394307523893401
1.6030809303736013
1.5668972611704637
1.6831310031252231
1.4555031572815245
1.5800814874065767
1.937499315346811
1.4851083897829946
1.7358550437172275
1.8783466614913062
1.2626913470371919
1.553222177956178
0.8133871292223346
1.9501893054913209
1.582364049368516
1.8509843900891139
1.547684874794124
1.7756207388322998
1.1549048762641532
1.8717850439580273
1.3327775375169322
1.1685742649328756
1.959065052143108
1.6067152411141807
1.4438788902185673
0.9952998369516556
1.5270832712966074
1.7090414469490105
0.9368881754682943
0.5696797611104689
1.876358042224255
0.7729031950519833
0.8854847215595291
1.4661216670243327
1.2659307515787241
1.3990097740409213
1.8696763126991784
1.5899170604501742
1.8398905546626658
1.1573308565243192
1.7093527845155587
1.4742977678549165
1.3185590228280262
1.4111702010404579
1.2107152808378683
0.9736212383209147
1.2643655876557072
1.9142948169127831
1.5907568675896688
1.9737130010435693
1.8145658357712728
1.7597099671034822
0.8901947484331487
1.4921803259509012
0.9925098300249303
1.0315708535778512
1.820807069696668
1.4662905494461462
1.4784699652668465
1.7320610192439438
2.000942830807632
1.37488236571622
2.142804396719488
0.9149063061614281
1.1937476269556486
0.8475509497905211
1.8311230177547666
1.8242401180660068
1.8025328437021275
0.88673307274994
1.7649550032878643
1.7571083126111668
1.5306469193364836
1.3542574275466737
1.7040307136939754
1.6221078848962367
0.9187287582341157
1.2193260207964167
1.9148877777410866
1.3647105815647158
1.5085530368311788
1.166187986239733
1.4391972089453324
0.7982523314920169
1.9712426452280418
1.601041403917094
1.744045903776994
1.550643460788138
1.8036218510104303
1.677894470848196
2.012043944230333
1.7534638181710747
1.1229500922356914
1.5607380482262276
1.6552637083457167
1.714545813061923
0.8808902650942378
1.7571948450821917
1.6818137944726899
1.8182406442373364
1.9585258383478028
1.3071459452509324
1.0916636900639556
1.8451966415248557
1.6464454204223884
1.407480671891875
1.5352029224754171
1.6734032949747288
1.7896126860992665
0.693470677163999
1.5096461815520166
1.160930471699661
1.1854792646872052
1.7635678418567124
1.0370991122407327
1.1128461831598557
1.596622477563149
NA
1.2449386413507577
NA
0.7701061405010895
1.763808088328743
2.0572609219946734
1.695732820610006
1.7287720821760457
1.67390756984713
1.7025627744007346
1.3163887661875293
1.246851679502153
1.7601223521210163
1.8065051718971046
2.0109918229525348
1.64367007417664
1.9665458168748151
1.5147624472724235
1.473965405782788
1.4999834008377801
2.0152730390609097
1.0790070071532276
1.6454359225879591
1.4366501076520104
1.3892523074789185
1.6364271954409948
2.2652378213803823
1.608204426855426
1.8860600568049235
1.4704784807500788
1.4284539870783999
1.4707291569797947
1.215866081566709
1.4545921632016727
1.8304771606081507
1.5005528415930778
1.2569483663510335
1.6920425384782276
1.638430922752295
1.3261551925142558
1.7398179557734186
1.5616678567272508
0.8927652579174407
1.6850534513759865
1.8432391812350992
1.6062760375699725
1.1256117038732971
1.6110356898264167
1.3758550695247822
2.0229614891301457
1.5002601462590694
1.7395000271441075
1.425184987754607
1.7899139632296892
0.5837453466288157
NA
1.124850324712162
2.14171316066448
1.010317466447406
0.47179128104918916
1.1008076299561251
0.9500418597529997
2.1198039429458087
0.617873887371218
1.2271842413084202
0.0
0.5207933834808004
0.8220202746088355
0.7953650781775957
1.6738662129715263
0.28
1.3044373246891823
1.7787587219828291
1.290329075421087
1.3897152331137483
0.3511412743216624
0.38785122767604535
0.5927280668610888
2.219278247069757
2.074863301829161
2.2466383134884738
1.912836528588809
1.3346393962583167
1.5411417855401062
1.8662446244087187
1.6391704753893486
1.7807825400657822
2.05273692970516
1.933578178086928
1.9115726002455211
1.158150247939385
2.0400424765258425
1.763817135432403
1.8180549296885027
1.7508471457618184
2.0063849806985528
2.0661815023185683
1.5691021831946237
1.7263468229391974
1.658626132197955
1.407935521170119
1.7294642564137064
2.131700611745627
1.8121816425830266
1.7180773338170794
1.4896298796633984
1.1140135157443443
2.206388512401241
2.1304258683371198
1.9686392495212879
1.689314551858938
1.139009357963523
1.797059854219172
1.5329362462972052
1.4737108333127096
2.0225236400279463
1.5148836020795993
2.003558185674406
1.8291454292012412
1.9148877777410866
1.6873367697172603
1.8595515762885717
2.2788605398240693
1.6209683056123876
1.4893835890719196
1.7465520869764044
1.4786402891498864
0.764232894729539
1.6108493059938644
1.984816606080002
1.8053703804417973
2.1455676626734093
1.5042622387294737
1.5410039604579269
1.9947539420214409
1.6967440620320802
1.7991177413110784
2.0545866579226812
0.8669492758841754
1.4437679400110541
1.5712825225133498
2.061381620924072
2.0232014496558377
1.3441727441564504
1.7702087633210428
1.5528233339212425
1.049005905888691
1.3143920026529907
1.1031661302143934
0.7223587907561464
1.418724933757679
1.6872128945708376
1.8171833703033302
1.756726020624656
0.69329760114295
1.8019181357177307
1.2449239277746738
1.3411831326910526
2.05395681740462
2.1259746288414156
1.721191508537433
2.0254009980163463
2.0499583342505505
1.9658176080507883
1.4669139903737536
1.8402602136910684
2.19399325367023
1.7769489812126038
1.7767318301232282
2.0161952661802376
2.0407037110446486
1.6859960145233244
2.186478594422565
1.7057485934631405
1.9148877777410866
1.1469780867009447
1.5998301214479842
2.2626178415246962
1.9001849413361076
2.3020522239560113
1.7097655429376506
1.636236640909396
1.9249390842200134
0.8966631007660498
1.4532402250179992
2.058873558236181
1.5691656382193016
1.9347038963786922
1.4643976770068754
1.729606418996135
1.4518086632973053
1.4805720006462504
2.0837914098646504
1.8889490615995121
2.177752253183893
1.8068743102440894
1.6346024564613406
1.5964283652278632
2.0871179503529746
1.2255934846229237
1.691055665543917
1.3456723587262887
1.4358410004809388
1.051724929922864
1.845968692441955
2.1144829306869557
1.425845339145962
1.679586014073238
1.6172260078682703
1.4442298582940993
1.0007520353523505
1.6784836024562313
1.6342019125081966
2.1617809429754824
1.926539734131878
2.117748989810861
1.4727352414046135
1.619251015987282
1.7792507887286404
1.9272849321251226
1.8655578657195167
0.7942494727639012
1.9847024683906382
2.1956075359062663
1.2520152183428235
1.973141521832211
0.8226051458118732
2.3231558208717744
2.233099834269674
1.9053631472448018
1.4613657370578208
1.7667244447013508
1.4359121602529485
2.0965382467369906
1.9831300240475025
1.3974150146917994
1.6695028570305646
1.2425209441677851
1.661727607344706
1.1106920868166055
0.863409120920469
1.9868815347252358
2.080739399642328
1.9371116779445439
1.6121732488740939
1.771765336132257
2.1454297080908065
2.1335167104992596
2.0769909070689243
1.686980681921088
2.038801217081034
1.9888733621235228
1.504601603722097
1.494210240142972
1.2096532928066037
1.7620347342838831
1.493572285256428
2.095692248293546
2.1064669338566158
1.5510229903312678
1.6875474425300778
1.7625909567342937
1.658645843492035
1.5274626013010344
1.3109247273157318
2.2997415483549144
1.6338073322540971
1.8904125442216821
1.4350229420706766
1.716747049241385
2.2621853871740627
1.4575713000912627
1.563589058242837
1.6933106168047092
1.4763589645034685
2.0241515934684613
1.8853340555029496
1.749155980295783
1.7846559942816862
1.6128219888179232
1.3961437826599925
1.6670172170680282
1.9945259669502968
1.0898870889488221
1.5027646870955573
1.8259636628789306
1.5681024428323413
1.8304847045031782
1.8101871121367563
1.9963264936315042
1.7909015111576612
0.7388737064498437
1.9749982993773167
1.3940327690822796
2.0692455866453967
1.7251763894814578
0.9837619206221344
1.7441163651754843
1.8140881672118978
1.6001711694412655
1.619849502783907
1.7709179545459992
1.807952026409781
2.028695180996836
1.6369126982290032
1.86225168598872
1.383395562048062
0.9306739516248544
1.4083095153094722
1.9658936359740922
1.7378195515030535
1.858817724700382
1.5705331766535189
1.3979900749823235
1.5288222820495923
1.108428045183347
1.9706962942971793
1.9537647096110988
2.043221140634607
1.4541811402124134
1.85553843666487
1.6241810151890437
1.86482899159981
1.6462924207891652
1.6371410539131193
2.2638312727357865
1.976036468522336
1.8392032532697418
1.8604093951396226
2.0852904108486556
1.728270302969017
1.9897010612416894
1.0473078431883096
2.027086174474649
1.7808492503942355
1.4100517862543724
1.7000212580947895
1.4816889245523361
1.5693376435423336
1.599228702551274
1.4812210951333755
1.6924049854427787
1.7415793987153236
1.0850723416684724
1.7453845688091376
1.7504447002770178
2.000711906593239
1.4077180508389247
1.6449681664573577
1.440023991307935
1.8533520719304593
1.9627098523993458
1.523956473467512
2.006386709743318
1.3755451608936853
1.0998703583555702
0.7973569026125605
1.8552114557240462
1.6182569866386651
2.012181650918323
1.954004992691385
2.2841869013521316
1.2521453586960536
1.8440450646054194
1.555930203719454
1.1608809688543789
1.8810162028899313
1.290355023406704
1.6137201971483555
1.4292574298508436
1.712232000721557
1.1558965095871203
1.9301366412389256
1.4118358435353189
2.1094277962271377
1.4177320418170907
2.15784132773869
1.9751056683024575
1.50768832476684
1.7527466248239534
1.9887209817280258
1.7486700786942326
1.9906143344645553
1.778402826110491
1.4360957504135317
1.3651626982093101
2.234691554077091
1.9958892456975617
1.9472189183299913
2.2756938133049016
1.39298809777142
1.68333883200392
1.2855463863639223
1.4892538812432927
1.9636017240045232
1.9879287962859562
1.6471682879676086
2.0042501330701232
1.675768922765264
1.745082755999353
1.651884789742485
1.6996057609012776
1.4595699503100357
1.6135592449162783
1.9944892547771862
1.443342499624594
1.7290973277989434
1.2461137858799458
1.5311385939868272
1.3424095939145644
1.6681849112527443
1.1880826463709109
1.3385471853201523
1.675968648027731
1.807594613835554
1.634358764782007
1.5012238239540978
1.7278767636038408
1.494068718593039
2.2789511900369117
1.7823415681436947
2.2019044115821473
1.5137674771924525
1.3759166717475153
1.972768066438492
2.2547129467004567
1.6324982982814993
1.578132504302667
0.7141540311661508
1.7948094123139253
1.4826274452764148
1.0587542663939684
1.274405316170662
1.7664174415826814
1.768831014502505
1.6256287723395284
1.6284021873445707
1.894573401997102
1.832904191111318
1.846083211461149
1.6593873193068058
1.032901761434884
1.9889509407590515
1.8450429024847208
1.0225778363017526
1.7396045632314823
1.7123746173809324
1.6263599899578236
2.3391265983994436
2.0614119482754276
1.9776127756213322
1.741426630665484
1.7863785529295213
1.4556593928880763
1.7112488889545046
1.5893571299120066
2.032363060508718
1.6693895962638485
1.5851588267788228
2.0627536499300376
0.8726050511382266
1.82476083943206
1.6715287722041148
1.7609777305649223
1.6274088431943938
1.2996685397085026
1.5003764966664987
1.536664705377426
1.4742935157539554
1.5334651383083724
1.9992564418285366
1.5880965122050716
2.382259422937415
2.0364327647763445
2.050621928121809
1.8105724218859294
1.555297365903836
1.4941249845561706
1.6983853790158354
1.5412242813348107
2.0820830862008486
1.7631165522960983
1.6135600009407058
1.3380229804923618
1.8128880184697587
1.924520425887045
1.6843354666103758
1.9567748086985595
1.981819777361266
1.6643247989968695
1.4539034891368368
1.661424430704013
1.9668575981433711
1.8023433227539019
1.8720959147989142
1.9606349341831806
1.5483692370766007
1.5740958915814003
1.6362318005778418
1.9718091475187385
1.2116777095194158
2.0727970085489624
2.0029546075909423
1.4325442438863507
1.4149457034446775
1.9601209955306222
1.4677794501089745
1.22004733431418
0.8828910031796935
1.6137207204457504
1.4397747227318722
1.2959287906311843
1.7954484968043782
1.7098656460002162
1.3437810017860519
1.8175305568891766
0.5750381704771492
0.0
1.5211067435083334
1.827634168590975
1.6353127805956815
0.47215048753685096
1.2433353603751576
0.4344951424466279
2.2583426945574554
2.0066734934426935
0.960224106520073
1.8636097405779808
1.5293694155900217
0.6329367048649037
1.2116814301666496
1.7679937970601947
1.8346601771908115
1.1977374998947818
1.147369780753229
1.779101009475032
1.8239283312615935
1.4774510385977602
1.5161590705792605
1.7983658537963738
1.2599265735164633
1.6824503771496215
1.6870342886390246
2.138143260976295
2.2217037024244637
1.5797862774843532
1.921449351013483
1.6908727645939183
0.6942612434530583
2.0626351677166994
1.8306866165597104
1.66508367519691
0.7292362337813786
1.2877073267325403
1.178648707957565
1.5563122618349516
1.769301784083743
1.5983559390366582
1.9074582929468245
1.101509316331115
1.9831309660815992
2.067565108065855
2.128750118439124
1.779134274269747
1.7498925623908106
1.7913404380880464
1.5945929837804487
0.44514872886978757
1.7485555294535948
1.5328542909941612
1.7526959768037649
1.3941764561816503
1.9636132787777074
1.2245102230285612
2.463569869641107
1.473689779164191
1.5348868207183355
1.43306811795535
1.9166614770480779
1.7105594647391265
2.144554066662894
1.8100733633695156
1.9129503942233559
1.608252054244682
1.5873305015227117
2.1683288574048114
1.8792739376007783
2.233534795861308
2.100396114207137
1.3038511338677516
1.0483052299997295
2.0627335372399305
1.5256859530682676
1.9619904797901742
1.2383901241567592
1.1598375292926846
1.8678704946045823
1.7442921819440451
2.030816939292253
1.8859417337447426
1.6241479304310293
2.1153129414210534
1.8066362512472518
1.1557338930444643
1.4210544152655236
1.8200086526355392
2.121117222784613
1.8353902306742242
0.9260598464514481
1.3866722546209702
1.7044906830516129
1.4315856469018666
1.7955541915243896
1.3609593559554942
1.5413441772252978
2.000919545759664
1.6524445576813187
1.633338922153322
1.7814932035505988