5494
2993
3569
5358
3456
5720
3952
5888
5518
2048
6884
6882
7402
6711
301
6521
718
8815
1270
2961
7037
567
3077
59082
8312
4353
7374
6118
7161
4303
5294
2056
2057
4255
10043
10963
2323
5008
3033
3592
3593
2633
2643
5916
56616
54386
6500
6502
2954
3458
3459
2058
23413
975
810
7431
1392
2113
335
55662
6874
6883
4771
1495
22916
4686
6902
7112
3337
4688
3906
100272147
8672
1508
3567
2688
720
721
51366
836
2821
7132
84159
972
3981
7518
3586
9185
7247
54205
5053
1499
6934
26986
2547
3562
8411
3725
3607
5747
1192
602
2938
435
727
4968
1676
2638
902
2746
4318
7343
10578
23627
3558
655
9241
324
9530
6441
9698
309
10250
29949
4801
4802
8565
3162
1870
213
4763
4792
5970
348
8773
5723
7204
9261
27343
344
1869
10482
2962
9150
51095
412
2288
5295
51024
55233
471
5451
6278
5887
3976
3572
7913
1965
6729
1460
3838
88
9026
4311
598
7274
7453
9266
1440
7520
27034
27335
30820
6710
6741
4254
4924
5140
6678
2078
987
5153
79661
2959
5033
7273
5886
654231
1606
387
392
23365
1022
1059
1981
51053
22885
5716
1890
92335
51719
7408
65109
26019
8554
23031
8473
4047
6041
5921
89
64800
3487
7134
1760
9984
22924
2819
94056
9129
9135
7465
11253
9612
6648
10519
6622
23640
10458
405754
7727
10055
10054
7159
81
8883
9039
596
6284
6772
10988
317
25
2067
2147
2870
2072
4193
55616
2963
637
26519
26520
5536
6342
5830
2952
1622
60496
2495
5394
9525
7180
10840
113251
10455
23314
5341
114803
57492
3565
6456
3936
10451
9529
8078
2120
55898
10392
4790
4332
114757
10621
25803
64762
23111
3662
8450
283991
5166
6935
7486
30818
2059
25939
1999
9645
23405
25876
9611
6885
4851
1548
274
54936
4043
4035
10892
8772
1437
5905
7329
9425
51586
2339
100529261
2342
6714
801
805
808
2937
260434
5350
302
92291
30833
326625
6654
578
905
5831
5348
51673
8242
2060
85439
29979
8878
27183
6840
10018
7157
1969
64411
10915
56899
1820
27
920
199713
29108
3674
2064
6863
6869
57591
6925
1387
5576
862
4778
55660
161725
8874
84448
81030
103
3209
3690
8975
3297
3300
7050
23294
3301
9994
8971
4069
445
4548
7064
2335
2099
2010
29789
919
351
29127
7535
51067
158158
331
23020
7358
241
9453
10961
332
55143
3619
2224
2050
79840
3837
2042
57533
9685
3156
22919
3163
8350
8351
8352
8353
8354
8355
8356
8357
8358
8968
2186
2035
641
37
84656
159
4671
55742
79777
166785
340156
23028
23186
4129
5296
5261
8626
8284
89797
2313
286
26060
10016
2706
3998
90411
1152
5091
1613
8654
2242
8669
7013
5660
7014
26277
4233
867
150274
6275
10015
92421
580
7283
8738
8856
8648
51028
11267
1123
239
63979
5430
22828
842
58985
50616
9978
8065
2271
11124
57132
26578
27250
10276
6709
3987
3611
952
3691
5339
10003
51434
7019
6453
2909
1789
6653
26088
5144
7514
10073
361
50618
2243
2244
2266
51458
5621
50484
141
2041
79643
84313
7415
6017
9910
2053
11200
8826
5894
2810
9743
8893
124590
10083
4212
7316
3093
22861
10038
64083
10395
5705
1595
3312
573
7572
3479
5289
1956
7186
330
55023
10858
3656
4615
51135
55870
5366
597
4595
1583
2230
11244
22882
5617
5618
1058
1576
26278
8805
9138
6241
7443
7182
2081
4056
581
119391
54014
114548
5152
3661
9649
148362
23774
10605
51228
7422
1588
57524
2033
1053
2194
55193
7046
610
23476
2671
5320
4048
1756
6872
8625
5993
58517
6093
7414
125950
6683
4306
2222
9146
129531
5119
3320
7428
6921
6923
3091
9536
6046
9049
9804
2115
51020
2475
2289
3067
201254
57697
100526739
378708
8930
5925
147945
10298
23248
9451
5226
7272
121504
554313
8294
8359
8360
8361
8362
8363
8364
8365
8366
8367
8368
8370
3020
3021
1616
6281
79026
4170
329
55929