n = 68
Mean: 1.621879497077714
Standard Deviation: 0.26905186612586324

1.4879496941032297
1.5676873639771587
1.569172762183928
1.3725632086531412
1.757652635407116
0.8564916043197933
1.983910595949715
1.7985402167278515
1.780345220877207
1.4869407499360865
2.012716798112384
1.5200057129375726
1.741605098894643
1.6796943524385417
1.2744352445307243
1.4995145326821016
1.8111686237281193
1.4824839875612763
1.8973964275543445
1.1408004330859014
1.0378509527269917
1.32408997951106
1.823427167194779
1.8426868053144143
1.6703464411716238
1.6826231445224855
1.7488521570135973
2.0737059584258066
1.362466811195619
1.6581823761509216
2.1776728491361634
1.207334498416894
2.04995525465794
1.734170464939042
1.4005640477677894
1.737918459459309
2.1160541297998297
1.5042958713884276
1.9520363238925784
1.5732272218734642
1.253519413957603
1.2674534186145865
1.833992782480365
1.4524850058221779
1.6218643769905152
1.3475246670466203
1.2923109910859056
1.75635653688903
1.7181908466057323
1.5116902760396242
1.6896792288550389
1.703230933717708
1.4044380681262112
1.7177367299376456
1.7066349795160611
1.645456987473674
1.2156650777752962
1.5494702145157537
1.7055208723037565
1.5837737983964222
1.629712795196378
1.484717721510744
1.7930079352395645
2.247223006828375
1.545215029739674
1.9052279031591506
1.7337944674844121
1.5733755577569566
